
Matriz lida
1.000000	 2.000000	 -1.000000	 
2.000000	 1.000000	 0.000000	 
-1.000000	 1.000000	 2.000000	 

Triangularização
1.000000	 2.000000	 -1.000000	 
0.000000	 -3.000000	 2.000000	 
0.000000	 0.000000	 3.000000	 

Determinante: -9.000000

Matriz inversa
-0.222222	 0.555556	 -0.111111	 
0.444444	 -0.111111	 0.222222	 
-0.333333	 0.333333	 0.333333	 

Matriz produto ( matriz lida por sua inversa )
1.000000	 0.000000	 0.000000	 
0.000000	 1.000000	 0.000000	 
0.000000	 -0.000000	 1.000000	 
